68 84 2 17 3 86 61 91 57 89 44 10 11 39 68 87 71 24 60 58 10 28 70 36 57 
14 36 63 35 30 33 77 74 4 25 16 17 6 72 70 87 6 98 75 5 43 15 94 26 7 64
52 14 37 71 89 24 8 42 67 56 33 83 95 76 58 62 46 12 44 28 65 5 70 90 11
68 84 2 17 3 86 61 91 57 89 44 10 11 39 68 87 71 24 60 58 10 28 70 36 57 
14 36 63 35 30 33 77 74 4 25 16 17 6 72 70 87 6 98 75 5 43 15 94 26 7 64
52 14 37 71 89 24 8 42 67 56 33 83 95 76 58 62 46 12 44 28 65 5 70 90 11
68 84 2 17 3 86 61 91 57 89 44 10 11 39 68 87 71 24 60 58 10 28 70 36 57 
14 36 63 35 30 33 77 74 4 25 16 17 6 72 70 87 6 98 75 5 43 15 94 26 7 64
52 14 37 71 89 24 8 42 67 56 33 83 95 76 58 62 46 12 44 28 65 5 70 90 11
68 84 2 17 3 86 61 91 57 89 44 10 11 39 68 87 71 24 60 58 10 28 70 36 57 
14 36 63 35 30 33 77 74 4 25 16 17 6 72 70 87 6 98 75 5 43 15 94 26 7 64
52 14 37 71 89 24 8 42 67 56 33 83 95 76 58 62 46 12 44 28 65 5 70 90 11
68 84 2 17 3 86 61 91 57 89 44 10 11 39 68 87 71 24 60 58 10 28 70 36 57 
14 36 63 35 30 33 77 74 4 25 16 17 6 72 70 87 6 98 75 5 43 15 94 26 7 64
52 14 37 71 89 24 8 42 67 56 33 83 95 76 58 62 46 12 44 28 65 5 70 90 11
68 84 2 17 3 86 61 91 57 89 44 10 11 39 68 87 71 24 60 58 10 28 70 36 57 
14 36 63 35 30 33 77 74 4 25 16 17 6 72 70 87 6 98 75 5 43 15 94 26 7 64
52 14 37 71 89 24 8 42 67 56 33 83 95 76 58 62 46 12 44 28 65 5 70 90 11
68 84 2 17 3 86 61 91 57 89 44 10 11 39 68 87 71 24 60 58 10 28 70 36 57 
14 36 63 35 30 33 77 74 4 25 16 17 6 72 70 87 6 98 75 5 43 15 94 26 7 64
52 14 37 71 89 24 8 42 67 56 33 83 95 76 58 62 46 12 44 28 65 5 70 90 11
68 84 2 17 3 86 61 91 57 89 44 10 11 39 68 87 71 24 60 58 10 28 70 36 57 
14 36 63 35 30 33 77 74 4 25 16 17 6 72 70 87 6 98 75 5 43 15 94 26 7 64
52 14 37 71 89 24 8 42 67 56 33 83 95 76 58 62 46 12 44 28 65 5 70 90 11
68 84 2 17 3 86 61 91 57 89 44 10 11 39 68 87 71 24 60 58 10 28 70 36 57 
14 36 63 35 30 33 77 74 4 25 16 17 6 72 70 87 6 98 75 5 43 15 94 26 7 64
52 14 37 71 89 24 8 42 67 56 33 83 95 76 58 62 46 12 44 28 65 5 70 90 11
68 84 2 17 3 86 61 91 57 89 44 10 11 39 68 87 71 24 60 58 10 28 70 36 57 
14 36 63 35 30 33 77 74 4 25 16 17 6 72 70 87 6 98 75 5 43 15 94 26 7 64
52 14 37 71 89 24 8 42 67 56 33 83 95 76 58 62 46 12 44 28 65 5 70 90 11
68 84 2 17 3 86 61 91 57 89 44 10 11 39 68 87 71 24 60 58 10 28 70 36 57 
14 36 63 35 30 33 77 74 4 25 16 17 6 72 70 87 6 98 75 5 43 15 94 26 7 64
52 14 37 71 89 24 8 42 67 56 33 83 95 76 58 62 46 12 44 28 65 5 70 90 11
68 84 2 17 3 86 61 91 57 89 44 10 11 39 68 87 71 24 60 58 10 28 70 36 57 
14 36 63 35 30 33 77 74 4 25 16 17 6 72 70 87 6 98 75 5 43 15 94 26 7 64
52 14 37 71 89 24 8 42 67 56 33 83 95 76 58 62 46 12 44 28 65 5 70 90 1168 84 2 17 3 86 61 91 57 89 44 10 11 39 68 87 71 24 60 58 10 28 70 36 57 
14 36 63 35 30 33 77 74 4 25 16 17 6 72 70 87 6 98 75 5 43 15 94 26 7 64
52 14 37 71 89 24 8 42 67 56 33 83 95 76 58 62 46 12 44 28 65 5 70 90 11
68 84 2 17 3 86 61 91 57 89 44 10 11 39 68 87 71 24 60 58 10 28 70 36 57 
14 36 63 35 30 33 77 74 4 25 16 17 6 72 70 87 6 98 75 5 43 15 94 26 7 64
52 14 37 71 89 24 8 42 67 56 33 83 95 76 58 62 46 12 44 28 65 5 70 90 11
68 84 2 17 3 86 61 91 57 89 44 10 11 39 68 87 71 24 60 58 10 28 70 36 57 
14 36 63 35 30 33 77 74 4 25 16 17 6 72 70 87 6 98 75 5 43 15 94 26 7 64
52 14 37 71 89 24 8 42 67 56 33 83 95 76 58 62 46 12 44 28 65 5 70 90 11
68 84 2 17 3 86 61 91 57 89 44 10 11 39 68 87 71 24 60 58 10 28 70 36 57 
14 36 63 35 30 33 77 74 4 25 16 17 6 72 70 87 6 98 75 5 43 15 94 26 7 64
52 14 37 71 89 24 8 42 67 56 33 83 95 76 58 62 46 12 44 28 65 5 70 90 11
68 84 2 17 3 86 61 91 57 89 44 10 11 39 68 87 71 24 60 58 10 28 70 36 57 
14 36 63 35 30 33 77 74 4 25 16 17 6 72 70 87 6 98 75 5 43 15 94 26 7 64
52 14 37 71 89 24 8 42 67 56 33 83 95 76 58 62 46 12 44 28 65 5 70 90 11
68 84 2 17 3 86 61 91 57 89 44 10 11 39 68 87 71 24 60 58 10 28 70 36 57 
14 36 63 35 30 33 77 74 4 25 16 17 6 72 70 87 6 98 75 5 43 15 94 26 7 64
52 14 37 71 89 24 8 42 67 56 33 83 95 76 58 62 46 12 44 28 65 5 70 90 1168 84 2 17 3 86 61 91 57 89 44 10 11 39 68 87 71 24 60 58 10 28 70 36 57 
14 36 63 35 30 33 77 74 4 25 16 17 6 72 70 87 6 98 75 5 43 15 94 26 7 64
52 14 37 71 89 24 8 42 67 56 33 83 95 76 58 62 46 12 44 28 65 5 70 90 11
68 84 2 17 3 86 61 91 57 89 44 10 11 39 68 87 71 24 60 58 10 28 70 36 57 
14 36 63 35 30 33 77 74 4 25 16 17 6 72 70 87 6 98 75 5 43 15 94 26 7 64
52 14 37 71 89 24 8 42 67 56 33 83 95 76 58 62 46 12 44 28 65 5 70 90 11
68 84 2 17 3 86 61 91 57 89 44 10 11 39 68 87 71 24 60 58 10 28 70 36 57 
14 36 63 35 30 33 77 74 4 25 16 17 6 72 70 87 6 98 75 5 43 15 94 26 7 64
52 14 37 71 89 24 8 42 67 56 33 83 95 76 58 62 46 12 44 28 65 5 70 90 11
68 84 2 17 3 86 61 91 57 89 44 10 11 39 68 87 71 24 60 58 10 28 70 36 57 
14 36 63 35 30 33 77 74 4 25 16 17 6 72 70 87 6 98 75 5 43 15 94 26 7 64
52 14 37 71 89 24 8 42 67 56 33 83 95 76 58 62 46 12 44 28 65 5 70 90 11
68 84 2 17 3 86 61 91 57 89 44 10 11 39 68 87 71 24 60 58 10 28 70 36 57 
14 36 63 35 30 33 77 74 4 25 16 17 6 72 70 87 6 98 75 5 43 15 94 26 7 64
52 14 37 71 89 24 8 42 67 56 33 83 95 76 58 62 46 12 44 28 65 5 70 90 11
68 84 2 17 3 86 61 91 57 89 44 10 11 39 68 87 71 24 60 58 10 28 70 36 57 
14 36 63 35 30 33 77 74 4 25 16 17 6 72 70 87 6 98 75 5 43 15 94 26 7 64
52 14 37 71 89 24 8 42 67 56 33 83 95 76 58 62 46 12 44 28 65 5 70 90 11